1 1 1 0.000000
1 1 2 0.000000
1 1 3 0.000000
1 1 4 0.000000
1 1 5 0.000000
1 1 6 0.500000
1 1 7 0.250000
1 1 8 0.250000
1 1 9 0.000000
1 1 10 0.250000
1 1 11 0.000000
1 1 12 0.125000
1 1 13 0.250000
1 1 14 0.125000
1 1 15 0.250000
1 1 16 0.125000
1 2 2 1.000000
1 2 3 0.000000
1 2 4 0.000000
1 2 5 0.000000
1 2 6 0.000000
1 2 7 0.500000
1 2 8 0.500000
1 2 9 0.000000
1 2 10 0.000000
1 2 11 0.000000
1 2 12 0.250000
1 2 13 0.500000
1 2 14 0.250000
1 2 15 0.500000
1 2 16 0.250000
1 3 3 0.000000
1 3 4 0.000000
1 3 5 0.000000
1 3 6 0.000000
1 3 7 0.000000
1 3 8 0.000000
1 3 9 0.500000
1 3 10 0.250000
1 3 11 0.500000
1 3 12 0.000000
1 3 13 0.000000
1 3 14 0.000000
1 3 15 0.000000
1 3 16 0.000000
1 4 4 1.000000
1 4 5 0.000000
1 4 6 0.000000
1 4 7 0.000000
1 4 8 0.000000
1 4 9 0.000000
1 4 10 0.000000
1 4 11 0.000000
1 4 12 0.500000
1 4 13 0.000000
1 4 14 0.000000
1 4 15 0.000000
1 4 16 0.000000
1 5 5 1.000000
1 5 6 0.000000
1 5 7 0.000000
1 5 8 0.000000
1 5 9 0.000000
1 5 10 0.000000
1 5 11 0.000000
1 5 12 0.000000
1 5 13 0.000000
1 5 14 0.500000
1 5 15 0.000000
1 5 16 0.500000
1 6 6 1.000000
1 6 7 0.250000
1 6 8 0.250000
1 6 9 0.000000
1 6 10 0.500000
1 6 11 0.000000
1 6 12 0.125000
1 6 13 0.250000
1 6 14 0.125000
1 6 15 0.250000
1 6 16 0.125000
1 7 7 0.000000
1 7 8 0.375000
1 7 9 0.000000
1 7 10 0.125000
1 7 11 0.000000
1 7 12 0.250000
1 7 13 0.500000
1 7 14 0.187500
1 7 15 0.375000
1 7 16 0.187500
1 8 8 0.000000
1 8 9 0.000000
1 8 10 0.125000
1 8 11 0.000000
1 8 12 0.187500
1 8 13 0.375000
1 8 14 0.250000
1 8 15 0.500000
1 8 16 0.250000
1 9 9 1.000000
1 9 10 0.250000
1 9 11 0.500000
1 9 12 0.000000
1 9 13 0.000000
1 9 14 0.000000
1 9 15 0.000000
1 9 16 0.000000
1 10 10 0.000000
1 10 11 0.250000
1 10 12 0.062500
1 10 13 0.125000
1 10 14 0.062500
1 10 15 0.125000
1 10 16 0.062500
1 11 11 1.000000
1 11 12 0.000000
1 11 13 0.000000
1 11 14 0.000000
1 11 15 0.000000
1 11 16 0.000000
1 12 12 0.000000
1 12 13 0.250000
1 12 14 0.093750
1 12 15 0.187500
1 12 16 0.093750
1 13 13 1.000000
1 13 14 0.187500
1 13 15 0.375000
1 13 16 0.187500
1 14 14 0.000000
1 14 15 0.250000
1 14 16 0.375000
1 15 15 1.000000
1 15 16 0.250000
1 16 16 0.000000
