1 1 1 0.000000
1 1 2 0.000000
1 1 3 0.000000
1 1 4 0.000000
1 1 5 0.000000
1 1 6 0.500000
1 1 7 0.250000
1 1 8 0.250000
1 1 9 0.000000
1 1 10 0.250000
1 1 11 0.000000
1 1 12 0.125000
1 1 13 0.250000
1 1 14 0.125000
1 1 15 0.250000
1 1 16 0.125000
1 2 2 1.000000
1 2 3 0.000000
1 2 4 0.000000
1 2 5 0.000000
1 2 6 0.000000
1 2 7 0.500000
1 2 8 0.500000
1 2 9 0.000000
1 2 10 0.000000
1 2 11 0.000000
1 2 12 0.250000
1 2 13 0.500000
1 2 14 0.250000
1 2 15 0.500000
1 2 16 0.250000
1 3 3 0.000000
1 3 4 0.000000
1 3 5 0.000000
1 3 6 0.000000
1 3 7 0.000000
1 3 8 0.000000
1 3 9 0.500000
1 3 10 0.250000
1 3 11 0.500000
1 3 12 0.000000
1 3 13 0.000000
1 3 14 0.000000
1 3 15 0.000000
1 3 16 0.000000
1 4 4 1.000000
1 4 5 0.000000
1 4 6 0.000000
1 4 7 0.000000
1 4 8 0.000000
1 4 9 0.000000
1 4 10 0.000000
1 4 11 0.000000
1 4 12 0.500000
1 4 13 0.000000
1 4 14 0.000000
1 4 15 0.000000
1 4 16 0.000000
1 5 5 1.000000
1 5 6 0.000000
1 5 7 0.000000
1 5 8 0.000000
1 5 9 0.000000
1 5 10 0.000000
1 5 11 0.000000
1 5 12 0.000000
1 5 13 0.000000
1 5 14 0.500000
1 5 15 0.000000
1 5 16 0.500000
1 6 6 1.000000
1 6 7 0.250000
1 6 8 0.250000
1 6 9 0.000000
1 6 10 0.500000
1 6 11 0.000000
1 6 12 0.125000
1 6 13 0.250000
1 6 14 0.125000
1 6 15 0.250000
1 6 16 0.125000
1 7 7 0.000000
1 7 8 0.375000
1 7 9 0.000000
1 7 10 0.125000
1 7 11 0.000000
1 7 12 0.250000
1 7 13 0.500000
1 7 14 0.187500
1 7 15 0.375000
1 7 16 0.187500
1 8 8 0.000000
1 8 9 0.000000
1 8 10 0.125000
1 8 11 0.000000
1 8 12 0.187500
1 8 13 0.375000
1 8 14 0.250000
1 8 15 0.500000
1 8 16 0.250000
1 9 9 1.000000
1 9 10 0.250000
1 9 11 0.500000
1 9 12 0.000000
1 9 13 0.000000
1 9 14 0.000000
1 9 15 0.000000
1 9 16 0.000000
1 10 10 0.000000
1 10 11 0.250000
1 10 12 0.062500
1 10 13 0.125000
1 10 14 0.062500
1 10 15 0.125000
1 10 16 0.062500
1 11 11 1.000000
1 11 12 0.000000
1 11 13 0.000000
1 11 14 0.000000
1 11 15 0.000000
1 11 16 0.000000
1 12 12 0.000000
1 12 13 0.250000
1 12 14 0.093750
1 12 15 0.187500
1 12 16 0.093750
1 13 13 1.000000
1 13 14 0.187500
1 13 15 0.375000
1 13 16 0.187500
1 14 14 0.000000
1 14 15 0.250000
1 14 16 0.375000
1 15 15 1.000000
1 15 16 0.250000
1 16 16 0.000000
2 1 1 0.000000
2 1 2 0.000000
2 1 3 0.000000
2 1 4 0.000000
2 1 5 0.000000
2 1 6 0.500000
2 1 7 0.250000
2 1 8 0.250000
2 1 9 0.000000
2 1 10 0.250000
2 1 11 0.000000
2 1 12 0.125000
2 1 13 0.250000
2 1 14 0.125000
2 1 15 0.250000
2 1 16 0.125000
2 2 2 1.000000
2 2 3 0.000000
2 2 4 0.000000
2 2 5 0.000000
2 2 6 0.000000
2 2 7 0.500000
2 2 8 0.500000
2 2 9 0.000000
2 2 10 0.000000
2 2 11 0.000000
2 2 12 0.250000
2 2 13 0.500000
2 2 14 0.250000
2 2 15 0.500000
2 2 16 0.250000
2 3 3 0.000000
2 3 4 0.000000
2 3 5 0.000000
2 3 6 0.000000
2 3 7 0.000000
2 3 8 0.000000
2 3 9 0.500000
2 3 10 0.250000
2 3 11 0.500000
2 3 12 0.000000
2 3 13 0.000000
2 3 14 0.000000
2 3 15 0.000000
2 3 16 0.000000
2 4 4 1.000000
2 4 5 0.000000
2 4 6 0.000000
2 4 7 0.000000
2 4 8 0.000000
2 4 9 0.000000
2 4 10 0.000000
2 4 11 0.000000
2 4 12 0.500000
2 4 13 0.000000
2 4 14 0.000000
2 4 15 0.000000
2 4 16 0.000000
2 5 5 1.000000
2 5 6 0.000000
2 5 7 0.000000
2 5 8 0.000000
2 5 9 0.000000
2 5 10 0.000000
2 5 11 0.000000
2 5 12 0.000000
2 5 13 0.000000
2 5 14 0.500000
2 5 15 0.000000
2 5 16 0.500000
2 6 6 1.000000
2 6 7 0.250000
2 6 8 0.250000
2 6 9 0.000000
2 6 10 0.500000
2 6 11 0.000000
2 6 12 0.125000
2 6 13 0.250000
2 6 14 0.125000
2 6 15 0.250000
2 6 16 0.125000
2 7 7 0.000000
2 7 8 0.375000
2 7 9 0.000000
2 7 10 0.125000
2 7 11 0.000000
2 7 12 0.250000
2 7 13 0.500000
2 7 14 0.187500
2 7 15 0.375000
2 7 16 0.187500
2 8 8 0.000000
2 8 9 0.000000
2 8 10 0.125000
2 8 11 0.000000
2 8 12 0.187500
2 8 13 0.375000
2 8 14 0.250000
2 8 15 0.500000
2 8 16 0.250000
2 9 9 1.000000
2 9 10 0.250000
2 9 11 0.500000
2 9 12 0.000000
2 9 13 0.000000
2 9 14 0.000000
2 9 15 0.000000
2 9 16 0.000000
2 10 10 0.000000
2 10 11 0.250000
2 10 12 0.062500
2 10 13 0.125000
2 10 14 0.062500
2 10 15 0.125000
2 10 16 0.062500
2 11 11 1.000000
2 11 12 0.000000
2 11 13 0.000000
2 11 14 0.000000
2 11 15 0.000000
2 11 16 0.000000
2 12 12 0.000000
2 12 13 0.250000
2 12 14 0.093750
2 12 15 0.187500
2 12 16 0.093750
2 13 13 1.000000
2 13 14 0.187500
2 13 15 0.375000
2 13 16 0.187500
2 14 14 0.000000
2 14 15 0.250000
2 14 16 0.375000
2 15 15 1.000000
2 15 16 0.250000
2 16 16 0.000000
3 1 1 0.000000
3 1 2 0.000000
3 1 3 0.000000
3 1 4 0.000000
3 1 5 0.000000
3 1 6 0.500000
3 1 7 0.250000
3 1 8 0.250000
3 1 9 0.000000
3 1 10 0.250000
3 1 11 0.000000
3 1 12 0.125000
3 1 13 0.250000
3 1 14 0.125000
3 1 15 0.250000
3 1 16 0.125000
3 2 2 1.000000
3 2 3 0.000000
3 2 4 0.000000
3 2 5 0.000000
3 2 6 0.000000
3 2 7 0.500000
3 2 8 0.500000
3 2 9 0.000000
3 2 10 0.000000
3 2 11 0.000000
3 2 12 0.250000
3 2 13 0.500000
3 2 14 0.250000
3 2 15 0.500000
3 2 16 0.250000
3 3 3 0.000000
3 3 4 0.000000
3 3 5 0.000000
3 3 6 0.000000
3 3 7 0.000000
3 3 8 0.000000
3 3 9 0.500000
3 3 10 0.250000
3 3 11 0.500000
3 3 12 0.000000
3 3 13 0.000000
3 3 14 0.000000
3 3 15 0.000000
3 3 16 0.000000
3 4 4 1.000000
3 4 5 0.000000
3 4 6 0.000000
3 4 7 0.000000
3 4 8 0.000000
3 4 9 0.000000
3 4 10 0.000000
3 4 11 0.000000
3 4 12 0.500000
3 4 13 0.000000
3 4 14 0.000000
3 4 15 0.000000
3 4 16 0.000000
3 5 5 1.000000
3 5 6 0.000000
3 5 7 0.000000
3 5 8 0.000000
3 5 9 0.000000
3 5 10 0.000000
3 5 11 0.000000
3 5 12 0.000000
3 5 13 0.000000
3 5 14 0.500000
3 5 15 0.000000
3 5 16 0.500000
3 6 6 1.000000
3 6 7 0.250000
3 6 8 0.250000
3 6 9 0.000000
3 6 10 0.500000
3 6 11 0.000000
3 6 12 0.125000
3 6 13 0.250000
3 6 14 0.125000
3 6 15 0.250000
3 6 16 0.125000
3 7 7 0.000000
3 7 8 0.375000
3 7 9 0.000000
3 7 10 0.125000
3 7 11 0.000000
3 7 12 0.250000
3 7 13 0.500000
3 7 14 0.187500
3 7 15 0.375000
3 7 16 0.187500
3 8 8 0.000000
3 8 9 0.000000
3 8 10 0.125000
3 8 11 0.000000
3 8 12 0.187500
3 8 13 0.375000
3 8 14 0.250000
3 8 15 0.500000
3 8 16 0.250000
3 9 9 1.000000
3 9 10 0.250000
3 9 11 0.500000
3 9 12 0.000000
3 9 13 0.000000
3 9 14 0.000000
3 9 15 0.000000
3 9 16 0.000000
3 10 10 0.000000
3 10 11 0.250000
3 10 12 0.062500
3 10 13 0.125000
3 10 14 0.062500
3 10 15 0.125000
3 10 16 0.062500
3 11 11 1.000000
3 11 12 0.000000
3 11 13 0.000000
3 11 14 0.000000
3 11 15 0.000000
3 11 16 0.000000
3 12 12 0.000000
3 12 13 0.250000
3 12 14 0.093750
3 12 15 0.187500
3 12 16 0.093750
3 13 13 1.000000
3 13 14 0.187500
3 13 15 0.375000
3 13 16 0.187500
3 14 14 0.000000
3 14 15 0.250000
3 14 16 0.375000
3 15 15 1.000000
3 15 16 0.250000
3 16 16 0.000000
4 1 1 0.000000
4 1 2 0.000000
4 1 3 0.000000
4 1 4 0.000000
4 1 5 0.000000
4 1 6 0.500000
4 1 7 0.250000
4 1 8 0.250000
4 1 9 0.000000
4 1 10 0.250000
4 1 11 0.000000
4 1 12 0.125000
4 1 13 0.250000
4 1 14 0.125000
4 1 15 0.250000
4 1 16 0.125000
4 2 2 1.000000
4 2 3 0.000000
4 2 4 0.000000
4 2 5 0.000000
4 2 6 0.000000
4 2 7 0.500000
4 2 8 0.500000
4 2 9 0.000000
4 2 10 0.000000
4 2 11 0.000000
4 2 12 0.250000
4 2 13 0.500000
4 2 14 0.250000
4 2 15 0.500000
4 2 16 0.250000
4 3 3 0.000000
4 3 4 0.000000
4 3 5 0.000000
4 3 6 0.000000
4 3 7 0.000000
4 3 8 0.000000
4 3 9 0.500000
4 3 10 0.250000
4 3 11 0.500000
4 3 12 0.000000
4 3 13 0.000000
4 3 14 0.000000
4 3 15 0.000000
4 3 16 0.000000
4 4 4 1.000000
4 4 5 0.000000
4 4 6 0.000000
4 4 7 0.000000
4 4 8 0.000000
4 4 9 0.000000
4 4 10 0.000000
4 4 11 0.000000
4 4 12 0.500000
4 4 13 0.000000
4 4 14 0.000000
4 4 15 0.000000
4 4 16 0.000000
4 5 5 1.000000
4 5 6 0.000000
4 5 7 0.000000
4 5 8 0.000000
4 5 9 0.000000
4 5 10 0.000000
4 5 11 0.000000
4 5 12 0.000000
4 5 13 0.000000
4 5 14 0.500000
4 5 15 0.000000
4 5 16 0.500000
4 6 6 1.000000
4 6 7 0.250000
4 6 8 0.250000
4 6 9 0.000000
4 6 10 0.500000
4 6 11 0.000000
4 6 12 0.125000
4 6 13 0.250000
4 6 14 0.125000
4 6 15 0.250000
4 6 16 0.125000
4 7 7 0.000000
4 7 8 0.375000
4 7 9 0.000000
4 7 10 0.125000
4 7 11 0.000000
4 7 12 0.250000
4 7 13 0.500000
4 7 14 0.187500
4 7 15 0.375000
4 7 16 0.187500
4 8 8 0.000000
4 8 9 0.000000
4 8 10 0.125000
4 8 11 0.000000
4 8 12 0.187500
4 8 13 0.375000
4 8 14 0.250000
4 8 15 0.500000
4 8 16 0.250000
4 9 9 1.000000
4 9 10 0.250000
4 9 11 0.500000
4 9 12 0.000000
4 9 13 0.000000
4 9 14 0.000000
4 9 15 0.000000
4 9 16 0.000000
4 10 10 0.000000
4 10 11 0.250000
4 10 12 0.062500
4 10 13 0.125000
4 10 14 0.062500
4 10 15 0.125000
4 10 16 0.062500
4 11 11 1.000000
4 11 12 0.000000
4 11 13 0.000000
4 11 14 0.000000
4 11 15 0.000000
4 11 16 0.000000
4 12 12 0.000000
4 12 13 0.250000
4 12 14 0.093750
4 12 15 0.187500
4 12 16 0.093750
4 13 13 1.000000
4 13 14 0.187500
4 13 15 0.375000
4 13 16 0.187500
4 14 14 0.000000
4 14 15 0.250000
4 14 16 0.375000
4 15 15 1.000000
4 15 16 0.250000
4 16 16 0.000000
5 1 1 0.000000
5 1 2 0.000000
5 1 3 0.000000
5 1 4 0.000000
5 1 5 0.000000
5 1 6 0.500000
5 1 7 0.250000
5 1 8 0.250000
5 1 9 0.000000
5 1 10 0.250000
5 1 11 0.000000
5 1 12 0.125000
5 1 13 0.250000
5 1 14 0.125000
5 1 15 0.250000
5 1 16 0.125000
5 2 2 1.000000
5 2 3 0.000000
5 2 4 0.000000
5 2 5 0.000000
5 2 6 0.000000
5 2 7 0.500000
5 2 8 0.500000
5 2 9 0.000000
5 2 10 0.000000
5 2 11 0.000000
5 2 12 0.250000
5 2 13 0.500000
5 2 14 0.250000
5 2 15 0.500000
5 2 16 0.250000
5 3 3 0.000000
5 3 4 0.000000
5 3 5 0.000000
5 3 6 0.000000
5 3 7 0.000000
5 3 8 0.000000
5 3 9 0.500000
5 3 10 0.250000
5 3 11 0.500000
5 3 12 0.000000
5 3 13 0.000000
5 3 14 0.000000
5 3 15 0.000000
5 3 16 0.000000
5 4 4 1.000000
5 4 5 0.000000
5 4 6 0.000000
5 4 7 0.000000
5 4 8 0.000000
5 4 9 0.000000
5 4 10 0.000000
5 4 11 0.000000
5 4 12 0.500000
5 4 13 0.000000
5 4 14 0.000000
5 4 15 0.000000
5 4 16 0.000000
5 5 5 1.000000
5 5 6 0.000000
5 5 7 0.000000
5 5 8 0.000000
5 5 9 0.000000
5 5 10 0.000000
5 5 11 0.000000
5 5 12 0.000000
5 5 13 0.000000
5 5 14 0.500000
5 5 15 0.000000
5 5 16 0.500000
5 6 6 1.000000
5 6 7 0.250000
5 6 8 0.250000
5 6 9 0.000000
5 6 10 0.500000
5 6 11 0.000000
5 6 12 0.125000
5 6 13 0.250000
5 6 14 0.125000
5 6 15 0.250000
5 6 16 0.125000
5 7 7 0.000000
5 7 8 0.375000
5 7 9 0.000000
5 7 10 0.125000
5 7 11 0.000000
5 7 12 0.250000
5 7 13 0.500000
5 7 14 0.187500
5 7 15 0.375000
5 7 16 0.187500
5 8 8 0.000000
5 8 9 0.000000
5 8 10 0.125000
5 8 11 0.000000
5 8 12 0.187500
5 8 13 0.375000
5 8 14 0.250000
5 8 15 0.500000
5 8 16 0.250000
5 9 9 1.000000
5 9 10 0.250000
5 9 11 0.500000
5 9 12 0.000000
5 9 13 0.000000
5 9 14 0.000000
5 9 15 0.000000
5 9 16 0.000000
5 10 10 0.000000
5 10 11 0.250000
5 10 12 0.062500
5 10 13 0.125000
5 10 14 0.062500
5 10 15 0.125000
5 10 16 0.062500
5 11 11 1.000000
5 11 12 0.000000
5 11 13 0.000000
5 11 14 0.000000
5 11 15 0.000000
5 11 16 0.000000
5 12 12 0.000000
5 12 13 0.250000
5 12 14 0.093750
5 12 15 0.187500
5 12 16 0.093750
5 13 13 1.000000
5 13 14 0.187500
5 13 15 0.375000
5 13 16 0.187500
5 14 14 0.000000
5 14 15 0.250000
5 14 16 0.375000
5 15 15 1.000000
5 15 16 0.250000
5 16 16 0.000000
